0 6
-0.5259261 4.351852
-0.3257961 4.442787
-0.07599974 4.560444
0.2170181 4.69988
0.5468149 4.856148
0.9069443 5.024306
1.290963 5.199408
1.692426 5.37651
2.104889 5.550667
2.521908 5.716935
2.937037 5.870371
3.384565 6.056177
3.890223 6.304593
4.434732 6.588233
4.998815 6.879704
5.563195 7.15162
6.108593 7.376593
6.615732 7.527231
7.065334 7.576148
7.438121 7.495953
7.714815 7.259259
7.916816 6.834055
8.076 6.230962
8.188816 5.486537
8.251705 4.637333
8.261112 3.719908
8.213483 2.770815
8.105261 1.826612
7.93289 0.9238519
7.692816 0.09909254
7.381483 -0.6111109
6.949103 -1.245139
6.371705 -1.862222
5.684455 -2.457083
4.92252 -3.024445
4.121066 -3.559028
3.31526 -4.055556
2.540269 -4.50875
1.83126 -4.913333
1.223399 -5.264028
0.7518525 -5.555556
0.3733277 -5.791444
0.0965414 -5.933064
-0.09588432 -5.998628
-0.2213225 -6.006351
-0.2971487 -5.974445
-0.3407397 -5.921124
-0.3694701 -5.864604
-0.4007158 -5.823096
-0.4518509 -5.814815
